4
5
40
1
1
-0.025
0.025
0
0.025
1
1
5
1
23
4
2
4.070000e-10
273
0.77
1
5.312000e-26
Real_oxygen
0
2
0
5
1
2256
17900
2256
59500
0
0
4.170000e-10
273
0.74
1
4.650000e-26
Real_nitrogen
0
2
0
5
1
3371
52500
3371
113500
0
0
3.000000e-10
273
0.8
1
2.656000e-26
Atomic_oxygen
0
0
3.000000e-10
273
0.8
1
2.325000e-26
Atomic_nitrogen
0
0
4.200000e-10
273
0.79
1
4.980000e-26
Nitric_oxide
0
2
0
5
1
2719
123000
2719
75500
0
0
O2+N>2O+N
1
1
4
3
3
4
1
8.200000e-19
0.05993
-1
-8.200000e-19
O2+NO>2O+NO
1
1
5
3
3
5
1
8.200000e-19
0.05993
-1
-8.200000e-19
O2+N2>2O+N2
1
1
2
3
3
2
1.5
8.200000e-19
0.1198
-1
-8.200000e-19
2O2>2O+O2
1
1
1
3
3
1
1.5
8.200000e-19
0.5393
-1
-8.200000e-19
O2+0>3O
1
1
3
3
3
3
1
8.200000e-19
1.498
-1
-8.200000e-19
N2+O>2N+O
1
2
3
4
4
3
0.5
1.560000e-18
0.003187
-0.5
-1.560000e-18
N2+O2>2N+O2
1
2
1
4
4
1
0.5
1.560000e-18
0.003187
-0.5
-1.560000e-18
N2+NO>2N+NO
1
2
5
4
4
5
0.5
1.560000e-18
0.003187
-0.5
-1.560000e-18
2N2>2N+N2
1
2
2
4
4
2
1
1.560000e-18
0.007968
-0.5
-1.560000e-18
N2+N>3N
1
2
4
4
4
4
1
1.560000e-18
690
-1.5
-1.560000e-18
NO+N2>N+O+N2
1
5
2
4
3
2
1
1.040000e-18
6.59
-1.5
-1.040000e-18
 NO+O2>N+O+O2
1
5
1
4
3
1
1
1.040000e-18
6.59
-1.5
-1.040000e-18
 NO+NO>N+O+NO
1
5
5
4
3
5
1
1.040000e-18
131.8
-1.5
-1.040000e-18
NO+O>N+O+O
1
5
3
4
3
3
1
1.040000e-18
131.8
-1.5
-1.040000e-18
 NO+N>2N+O
1
5
4
4
3
4
1
1.040000e-18
131.8
-1.5
-1.040000e-18
NO+O>O2+N
3
5
3
0
1
4
0
2.200000e-19
5.279000e-11
1
-2.200000e-19
 N2+O>NO+N
3
2
3
0
5
4
0
5.200000e-19
1.120000e-6
0
-5.200000e-19
O2+N>NO+O
4
1
4
0
5
3
0
5.000000e-20
1.598000e-8
0.5
2.200000e-19
 NO+N>N2+O
4
5
4
0
2
3
0
0
2.490000e-7
0
5.200000e-19
O+O+M1>O2+M1
2
3
3
-1
1
-1
0
0
0
-0.5
8.200000e-19
N+N+M2>N2+M2
2
4
4
-1
2
-2
0
0
0
-0.5
1.560000e-18
N+N+N>N2+N
2
4
4
-1
2
-3
0
0
0
-1.5
1.560000e-18
 N+O+M3>NO+M3
2
4
3
-1
5
-4
0
0
0
-1.5
1.040000e-18
9
2
25
1
1
1
2.5
1
0
1
0
0
0
1
0
1
1
20
20
20
O+O>O2
3
3
1
0
0
0
0
0
8.200000e-19
N+N>N2
4
4
2
0
0
0
0
0
1.560000e-18
3.750000e+20
200
200
7000
0.21
0.79
0
0
0
1
251
251
1
250
0
1
-2
0.005
0
0
0
0
0
250
1
250
1
-200
0.87
0
0
0
1
1
0
0
0
0
3
3
1
3
1
0
0
0
0
